-0.333338 -0.0871707 0
-1.53173 0.358194 1
1.54959 -0.36405 0
-1.34991 0.252063 1
1.28385 -0.531146 0
-1.36414 0.623197 1
0.596974 0.0471854 1
-1.62028 -0.214322 1
-1.2752 0.409967 1
-0.244046 1.04007 1
-0.21654 -0.59097 0
0.496728 0.212458 1
-0.91148 1.01984 1
-0.463668 1.117 1
0.575942 -1.08807 0
-1.54674 0.324991 1
-1.53841 -0.205687 1
-0.94811 0.853448 1
0.843527 -0.819308 0
-1.27073 0.495975 1
-0.629323 0.103917 0
1.38007 0.15381 0
0.391887 -0.440445 1
-0.166729 -0.837858 0
-0.25588 -0.54042 0
0.182143 -1.0625 0
-0.381176 -0.192738 0
-0.513526 -0.0324046 0
-0.348217 0.460999 0
-0.528198 -0.0109566 0
0.357102 -1.05939 0
0.374873 0.288667 1
0.588038 -0.874983 0
-0.0484818 -0.862999 0
0.239808 0.42739 1
-0.315898 1.0685 1
0.460907 -1.04804 0
-0.107839 -0.786971 0
0.320325 0.407086 1
-1.34956 -0.14182 1
0.319119 0.60127 1
0.37577 -0.177148 1
1.03347 -0.822252 0
-1.41302 0.62881 1
0.0314903 0.953641 1
-1.41064 -0.119105 1
-0.350633 0.980796 1
1.53659 -0.274568 0
-1.43047 0.295506 1
1.51059 -0.0575894 0
-0.471445 -0.419315 0
-1.56775 0.134736 1
0.357651 0.423929 1
0.134788 -0.841212 0
0.145578 -1.04391 0
-0.935427 0.962217 1
-0.502646 -0.521089 0
-0.204228 0.83164 1
-1.56663 0.507656 1
0.47884 -1.07781 0
-1.45543 -0.238881 1
-0.419197 1.05279 1
0.143774 0.728855 1
1.58749 -0.0682327 0
0.156356 0.689132 1
-0.45352 -0.0282985 0
1.36872 -0.546867 0
-1.29427 0.569743 1
0.494065 -0.878583 0
1.05364 -0.803483 0
-0.525468 -0.203958 0
-0.559975 1.14282 1
0.493179 -1.13211 0
-0.603121 0.230647 0
-1.35352 0.382655 1
-1.08095 0.95182 1
1.41051 -0.401766 0
-0.607943 -0.0331151 0
-1.3729 0.134363 1
-0.630305 1.04149 1
-0.249516 -0.829855 0
-0.583549 -0.298999 0
-0.507666 1.13467 1
-0.411425 0.115505 0
-0.554062 0.957705 1
-0.142726 -0.661234 0
1.25179 -0.808908 0
-1.52392 -0.519564 1
1.54822 -0.16402 0
-0.20189 0.885052 1
1.00124 -0.935438 0
-0.543276 1.02436 1
-0.0373496 0.824636 1
-1.0142 0.993448 1
1.23908 -0.593106 0
-1.3858 0.0705587 1
-1.00536 0.909711 1
0.374622 0.215977 1
-0.886044 0.984867 1
0.877652 -0.984999 0
-0.574573 0.96495 1
1.3968 -0.644935 0
0.533043 0.105745 1
0.429292 -0.139932 1
-0.258737 0.959675 1
0.703918 -0.956176 0
-0.298349 -0.588145 0
1.06388 -0.794034 0
-1.00907 0.743896 1
0.987415 -0.741531 0
-1.64768 -0.0740215 1
-0.266073 0.934986 1
0.248486 -1.09092 0
0.291884 -1.04225 0
-0.364269 -0.429684 0
-0.207943 -0.709597 0
0.522254 0.0201187 1
0.255788 -0.913482 0
1.14187 -0.948488 0
-0.474462 -0.477629 0
-0.290041 1.06798 1
-1.1193 0.906932 1
-0.283114 -0.551746 0
1.42247 -0.172345 0
-1.44413 -0.161934 1
0.718892 -0.971456 0
0.736335 -1.0805 0
0.368352 0.00944665 1
0.081941 0.90272 1
1.63351 0.0362666 0
-1.31852 0.725019 1
1.48383 -0.183975 0
1.31793 -0.629468 0
-0.903035 0.806729 1
-0.364153 -0.475455 0
-1.33207 0.654376 1
0.131241 -1.02519 0
0.193775 0.716444 1
-1.53149 0.128739 1
-1.35963 0.314804 1
-1.27402 0.365477 1
0.361434 -0.890458 0
-1.34191 0.153075 1
0.73526 -1.03089 0
-1.23096 0.646778 1
-0.756386 0.874578 1
-1.14686 0.670746 1
0.349067 0.291084 1
1.55225 0.140849 0
1.64328 -0.232162 0
1.07478 -0.895574 0
-1.50754 0.377217 1
0.892565 -0.885734 0
-0.288601 -0.669818 0
1.15971 -0.689606 0
1.39506 -0.36345 0
-0.561071 0.429076 0
-1.56382 0.23055 1
-0.430134 0.222631 0
-0.5513 0.886086 1
0.390085 0.0444453 1
-0.244045 -0.596456 0
-0.656573 0.877313 1
-1.37084 0.114618 1
-0.71032 0.942728 1
-1.60772 -0.305411 1
0.502423 0.28015 1
-1.4239 -0.0508687 1
-1.35764 0.300045 1
1.40472 -0.531152 0
0.350403 0.264596 1
0.16928 0.684717 1
-0.354538 0.307137 0
-0.0786677 -0.960542 0
-1.14742 0.922032 1
-1.42833 -0.278206 1
-0.265672 -0.683123 0
1.32892 -0.412282 0
0.492147 -0.218448 1
0.531413 0.467517 1
-1.61766 0.0260377 1
0.645805 -0.941474 0
0.404816 0.252082 1
0.213624 0.513316 1
-1.59094 -0.11096 1
-0.447793 1.13377 1
0.0830492 0.639174 1
-0.442887 1.03909 1
0.580349 0.0464581 1
-0.401611 -0.0845114 0
-1.47024 0.432083 1
0.90306 -0.84967 0
1.32984 -0.391406 0
-0.0267929 -0.834512 0
-0.838658 0.793064 1
-0.69775 1.09828 1
1.16116 -0.733751 0
-1.28848 0.443773 1
-1.3842 0.526523 1
-0.0766005 -0.707686 0
